76,3
76,2
76,1
76,0
74,4
30,2
30,1
29,3
29,2
29,1
28,3
28,2
28,1
26,9
26,8
26,7
26,6
26,5
26,4
26,3
26,2
26,1
25,9
25,8
25,7
25,6
25,5
25,4
25,3
25,2
25,1
24,9
24,8
24,7
24,6
24,5
24,4
24,3
24,2
24,1
23,9
23,8
23,7
23,6
23,5
23,4
23,3
23,2
23,1
22,9
22,8
22,7
22,6
22,5
22,4
22,3
22,2
22,1
21,9
21,8
21,7
21,6
21,5
21,4
21,3
21,2
21,1
20,9
20,8
20,7
20,6
20,5
20,4
20,3
20,2
20,1
18,3
18,2
18,1
13,3
13,2
13,1
2,3
1,3
30,3
31,1
31,3
32,1
32,3
33,1
33,3
34,2
34,3
42,2
42,3
47,2
49,1
49,2
50,1
50,2
52,1
52,2
52,4
53,2
53,3
54,2
54,3
59,2
59,4
59,5
59,7
59,8
61,1
61,2
64,1
64,3
64,4
4,3
3,6
3,5
3,4
3,3
3,2
2,2
1,2
64,6
64,7
68,1
68,3
71,1
71,3
71,4
74,2
74,3
74,1
71,2
68,2
64,8
64,5
64,2
61,3
59,9
59,6
59,3
59,1
54,1
53,1
52,3
50,3
49,3
47,3
47,1
42,1
34,1
33,2
32,2
31,2
0,309
0,308
0,243
0,9
0,1
0,300
0,299
0,298
0,297
0,296
0,295
0,294
0,293
0,292
0,291
0,290
0,289
0,288
0,287
0,286
0,285
0,284
0,283
0,282
0,281
0,280
0,279
0,278
0,277
0,276
0,275
0,274
0,273
0,272
0,271
0,270
0,269
0,268
0,267
0,266
0,265
0,264
0,263
0,262
0,261
0,260
0,259
0,258
0,257
0,256
0,255
0,254
0,253
0,252
0,251
0,250
0,249
0,248
0,247
0,246
0,245
0,244
0,242
0,241
0,240
0,239
0,238
0,237
0,236
0,235
0,234
0,233
0,232
0,231
0,230
0,229
0,228
0,227
0,226
0,225
0,224
0,223
0,222
0,221
0,220
0,219
0,218
0,217
0,216
0,215
0,214
0,213
0,212
0,211
0,210
0,209
0,208
0,207
0,206
0,205
0,204
0,203
0,202
0,201
0,200
0,199
0,198
0,197
0,196
0,195
0,194
0,193
0,192
0,63
0,62
0,61
0,60
0,59
0,58
0,57
0,56
0,55
0,54
0,53
0,52
0,51
0,50
0,49
0,48
0,47
0,46
0,45
0,6
0,0
0,5
0,304
0,303
0,306
0,305
0,302
0,12
0,307
0,10
0,8
0,11
0,4
0,2
0,3
0,7
74,0
71,0
68,0
64,0
61,0
59,0
54,0
53,0
52,0
50,0
49,0
47,0
42,0
34,0
33,0
32,0
31,0
30,0
29,0
28,0
26,0
25,0
24,0
23,0
22,0
21,0
20,0
18,0
13,0
